ALPHA: 0.05
EPS: 1.1920928955078125e-07
GAMMA: 0.99
MAX_DONE: 100
MAX_REWARD: 5000
MAX_STEP: 1000
SEED: 3
end_time: 05-18_22h-49m-17s
episode: 6262
episode_reward: -62.6787408207377
running_reward: -51.10840228892439
start_time: 05-18_22h-02m-11s
