ALPHA: 0.05
ELAPSED_TIME: '7:21:25.065169'
EMA_REWARD: -499.8676743384191
END_TIME: 06-02_04h-58m-09s
EPISODE: 6292
EPISODE_REWARD: -511.280847029384
EPS: 1.1920928955078125e-07
EPSILON: 0.001
GAMMA: 0.99
LEARNING_RATE: 0.0004
MAX_DONE: 100
MAX_REWARD: -500
MAX_STEP: 1000
SEED: 3
START_TIME: 06-01_21h-36m-44s
