ALPHA: 0.05
EPS: 1.1920928955078125e-07
GAMMA: 0.99
MAX_DONE: 100
MAX_REWARD: -50
MAX_STEP: 1000
SEED: 3
end_time: 05-19_13h-09m-47s
episode: 53
episode_reward: -847.2047328246233
running_reward: -835.9716881094392
start_time: 05-19_13h-06m-09s
