ALPHA: 0.01
ELAPSED_TIME: '9:17:42.155726'
EMA_REWARD: -432.96010437445864
END_TIME: 06-25_05h-55m-05s
EPISODE: 8000
EPS: 1.1920928955078125e-07
EPSILON: 0.001
GAMMA: 0.99
LEARNING_RATE: 0.001
MAX_STEP: 1000
START_TIME: 0624_20-37-22
self.EPISODE_REWARD: -474.1699800736445
