ALPHA: 0.05
EPS: 1.1920928955078125e-07
GAMMA: 0.99
MAX_DONE: 100
MAX_REWARD: -55
MAX_STEP: 1000
SEED: 3
end_time: 05-19_10h-35m-55s
episode: 217
episode_reward: -63.18376957489923
running_reward: -53.943150091891326
start_time: 05-19_10h-31m-31s
