ALPHA: 0.05
ELAPSED_TIME: '0:00:34.710330'
EMA_REWARD: -961.5137809139685
END_TIME: 06-01_13h-22m-02s
EPISODE: 7
EPISODE_REWARD: -979.7223204850059
EPS: 1.1920928955078125e-07
EPSILON: 0.001
GAMMA: 0.99
LEARNING_RATE: 0.003
MAX_DONE: 100
MAX_REWARD: -500
MAX_STEP: 1000
SEED: 3
START_TIME: 06-01_13h-21m-27s
