ALPHA: 0.05
ELAPSED_TIME: '9:17:11.494750'
EMA_REWARD: -499.3582090020042
END_TIME: 06-04_10h-08m-53s
EPISODE: 8157
EPISODE_REWARD: -507.09668540363595
EPS: 1.1920928955078125e-07
EPSILON: 0.001
GAMMA: 0.99
LEARNING_RATE: 0.0002
MAX_DONE: 100
MAX_REWARD: -400
MAX_STEP: 1000
SEED: 3
START_TIME: 0604_00-51-41
