ALPHA: 0.05
ELAPSED_TIME: '2:11:57.687264'
EMA_REWARD: -685.5969250758633
END_TIME: 06-03_19h-50m-16s
EPISODE: 1502
EPISODE_REWARD: -695.8233536479099
EPS: 1.1920928955078125e-07
EPSILON: 0.001
GAMMA: 0.99
LEARNING_RATE: 0.003
MAX_DONE: 100
MAX_REWARD: -400
MAX_STEP: 1000
SEED: 3
START_TIME: 0603_17-38-19
