ALPHA: 0.05
ELAPSED_TIME: '8:05:09.292069'
EMA_REWARD: -964.8066614273035
END_TIME: 06-06_19h-29m-14s
EPISODE: 7324
EPISODE_REWARD: -983.7567452373187
EPS: 1.1920928955078125e-07
EPSILON: 0.001
GAMMA: 0.99
LEARNING_RATE: 0.004
MAX_DONE: 100
MAX_REWARD: -400
MAX_STEP: 1000
SEED: 3
START_TIME: 0606_11-24-05
