ALPHA: 0.05
ELAPSED_TIME: '5:59:03.203310'
EMA_REWARD: -487.01638605140266
END_TIME: 06-07_22h-16m-40s
EPISODE: 5378
EPISODE_REWARD: -492.5096359246356
EPS: 1.1920928955078125e-07
EPSILON: 0.001
GAMMA: 0.99
LEARNING_RATE: 0.001
MAX_DONE: 100
MAX_REWARD: -400
MAX_STEP: 1000
SEED: 3
START_TIME: 0607_16-17-36
