ALPHA: 0.05
EPS: 1.1920928955078125e-07
GAMMA: 0.99
MAX_DONE: 100
MAX_REWARD: 5000
MAX_STEP: 1000
SEED: 3
end_time: 05-17_23h-10m-59s
episode: 5431
episode_reward: 919.4291881144057
running_reward: 901.8633721561258
start_time: 05-17_16h-48m-50s
