ALPHA: 0.05
EPS: 1.1920928955078125e-07
GAMMA: 0.95
MAX_DONE: 100
MAX_REWARD: -500
MAX_STEP: 1000
SEED: 3
end_time: 05-31_05h-31m-49s
episode: 2455
episode_reward: -951.3763931010147
running_reward: -935.0828548452193
start_time: 05-31_00h-48m-22s
