ALPHA: 0.01
ELAPSED_TIME: '5:41:10.450352'
EMA_REWARD: -512.4230426726699
END_TIME: 06-25_16h-02m-36s
EPISODE: 4627
EPS: 1.1920928955078125e-07
EPSILON: 0.001
GAMMA: 0.99
LEARNING_RATE: 0.001
MAX_STEP: 1000
START_TIME: 0625_10-21-26
self.EPISODE_REWARD: -552.2468934447833
