ALPHA: 0.05
EPS: 1.1920928955078125e-07
GAMMA: 0.99
MAX_DONE: 100
MAX_REWARD: -50
MAX_STEP: 1000
SEED: 3
end_time: 05-18_23h-03m-09s
episode: 1369
episode_reward: -60.73687554007289
running_reward: -49.778026726728875
start_time: 05-18_22h-49m-26s
