ALPHA: 0.05
ELAPSED_TIME: '7:42:22.447704'
EMA_REWARD: -679.8996331516918
END_TIME: 06-02_19h-01m-48s
EPISODE: 6261
EPISODE_REWARD: -690.1501950548001
EPS: 1.1920928955078125e-07
EPSILON: 0.001
GAMMA: 0.99
LEARNING_RATE: 0.0005
MAX_DONE: 100
MAX_REWARD: -400
MAX_STEP: 1000
SEED: 3
START_TIME: 0602_11-19-26
