ALPHA: 0.05
ELAPSED_TIME: '4:58:39.825031'
EMA_REWARD: -515.6221627464852
END_TIME: 06-24_04h-23m-52s
EPISODE: 4424
EPISODE_REWARD: -526.9046676530673
EPS: 1.1920928955078125e-07
EPSILON: 0.001
GAMMA: 0.99
LEARNING_RATE: 0.001
MAX_DONE: 100
MAX_REWARD: -400
MAX_STEP: 1000
SEED: 3
START_TIME: 0623_23-25-13
