ALPHA: 0.05
EPS: 1.1920928955078125e-07
GAMMA: 0.99
MAX_DONE: 100
MAX_REWARD: -50
MAX_STEP: 1000
SEED: 3
end_time: 05-19_10h-07m-57s
episode: 100299
episode_reward: -65.03044285115818
running_reward: -54.400282503118625
start_time: 05-18_23h-11m-57s
