ALPHA: 0.05
ELAPSED_TIME: '8:59:14.077937'
EMA_REWARD: -734.5431804794814
END_TIME: 06-07_08h-12m-43s
EPISODE: 7928
EPISODE_REWARD: -743.279809494979
EPS: 1.1920928955078125e-07
EPSILON: 0.001
GAMMA: 0.99
LEARNING_RATE: 0.002
MAX_DONE: 100
MAX_REWARD: -400
MAX_STEP: 1000
SEED: 3
START_TIME: 0606_23-13-29
