ALPHA: 0.05
ELAPSED_TIME: '3:44:28.526443'
EMA_REWARD: -558.1500662234397
END_TIME: 06-04_00h-46m-46s
EPISODE: 3319
EPISODE_REWARD: -567.3715345453762
EPS: 1.1920928955078125e-07
EPSILON: 0.001
GAMMA: 0.99
LEARNING_RATE: 0.003
MAX_DONE: 100
MAX_REWARD: -400
MAX_STEP: 1000
SEED: 3
START_TIME: 0603_21-02-18
