ALPHA: 0.05
ELAPSED_TIME: '5:50:04.736442'
EMA_REWARD: -498.53322328501133
END_TIME: 06-01_03h-28m-46s
EPISODE: 4890
EPISODE_REWARD: -509.2869498699073
EPS: 1.1920928955078125e-07
EPSILON: 0.001
GAMMA: 0.99
LEARNING_RATE: 0.002
MAX_DONE: 100
MAX_REWARD: -500
MAX_STEP: 1000
SEED: 3
START_TIME: 05-31_21h-38m-41s
