ALPHA: 0.05
ELAPSED_TIME: '10:28:21.112802'
EMA_REWARD: -636.6865365941932
END_TIME: 06-06_06h-15m-56s
EPISODE: 9334
EPISODE_REWARD: -649.5747134836498
EPS: 1.1920928955078125e-07
EPSILON: 0.001
GAMMA: 0.99
LEARNING_RATE: 0.005
MAX_DONE: 100
MAX_REWARD: -400
MAX_STEP: 1000
SEED: 3
START_TIME: 0605_19-47-35
