ALPHA: 0.05
EPS: 1.1920928955078125e-07
GAMMA: 0.97
MAX_DONE: 100
MAX_REWARD: -500
MAX_STEP: 1000
SEED: 3
end_time: 05-31_16h-19m-49s
episode: 1217
episode_reward: -963.5004719529611
running_reward: -945.4363112540511
start_time: 05-31_13h-43m-00s
