ALPHA: 0.05
EPS: 1.1920928955078125e-07
GAMMA: 0.99
MAX_DONE: 100
MAX_REWARD: 5000
MAX_STEP: 1000
SEED: 3
end_time: 05-17_15h-58m-47s
episode: 22
episode_reward: 661.1617612514093
running_reward: 648.0112436312862
start_time: 05-17_15h-57m-10s
