ALPHA: 0.05
EPS: 1.1920928955078125e-07
GAMMA: 0.8
MAX_DONE: 100
MAX_REWARD: -500
MAX_STEP: 1000
SEED: 3
end_time: 05-30_18h-38m-05s
episode: 2398
episode_reward: -948.8841887754514
running_reward: -931.0241894726967
start_time: 05-30_13h-47m-01s
