ALPHA: 0.05
EPS: 1.1920928955078125e-07
GAMMA: 0.99
MAX_DONE: 100
MAX_REWARD: 5000
MAX_STEP: 1000
SEED: 3
end_time: 05-18_21h-54m-04s
episode: 2566
episode_reward: 992.9415635083162
running_reward: 974.2120179311117
start_time: 05-18_18h-55m-42s
