ALPHA: 0.05
EPS: 1.1920928955078125e-07
GAMMA: 0.99
MAX_DONE: 100
MAX_REWARD: -50
MAX_STEP: 1000
SEED: 3
end_time: 05-19_19h-16m-54s
episode: 5216
episode_reward: -477.4536392443454
running_reward: -468.3464857319491
start_time: 05-19_13h-06m-09s
