ALPHA: 0.05
ELAPSED_TIME: '3:19:07.241151'
EMA_REWARD: -490.0325256708052
END_TIME: 06-06_23h-11m-50s
EPISODE: 3002
EPISODE_REWARD: -498.3733149053784
EPS: 1.1920928955078125e-07
EPSILON: 0.001
GAMMA: 0.99
LEARNING_RATE: 0.003
MAX_DONE: 100
MAX_REWARD: -400
MAX_STEP: 1000
SEED: 3
START_TIME: 0606_19-52-43
