ALPHA: 0.05
ELAPSED_TIME: '2:14:21.761722'
EMA_REWARD: -497.09374008054186
END_TIME: 06-01_15h-35m-49s
EPISODE: 1896
EPISODE_REWARD: -507.7520579657263
EPS: 1.1920928955078125e-07
EPSILON: 0.001
GAMMA: 0.99
LEARNING_RATE: 0.003
MAX_DONE: 100
MAX_REWARD: -500
MAX_STEP: 1000
SEED: 3
START_TIME: 06-01_13h-21m-27s
