ALPHA: 0.05
ELAPSED_TIME: '5:14:53.511116'
EMA_REWARD: -640.5176957840356
END_TIME: 06-01_21h-22m-41s
EPISODE: 4378
EPISODE_REWARD: -653.1489120676345
EPS: 1.1920928955078125e-07
EPSILON: 0.001
GAMMA: 0.99
LEARNING_RATE: 0.0003
MAX_DONE: 100
MAX_REWARD: -500
MAX_STEP: 1000
SEED: 3
START_TIME: 06-01_16h-07m-47s
