ALPHA: 0.05
ELAPSED_TIME: '6:09:45.328728'
EMA_REWARD: -956.0498857396755
END_TIME: 06-23_23h-24m-51s
EPISODE: 5304
EPS: 1.1920928955078125e-07
EPSILON: 0.001
GAMMA: 0.99
LEARNING_RATE: 0.001
MAX_STEP: 1000
START_TIME: 0623_17-15-06
self.EPISODE_REWARD: -973.9555178717549
