ALPHA: 0.01
ELAPSED_TIME: '0:00:12.997416'
EMA_REWARD: -830.0670974084076
END_TIME: 07-06_17h-38m-21s
EPISODE: 3
EPS: 1.1920928955078125e-07
EPSILON: 0.001
GAMMA: 0.99
LEARNING_RATE: 0.001
MAX_STEP: 1000
START_TIME: 0706_17-38-08
self.EPISODE_REWARD: -919.3599459797246
