ALPHA: 0.05
ELAPSED_TIME: '2:14:52.635077'
EMA_REWARD: -665.2528065785576
END_TIME: 06-03_19h-50m-16s
EPISODE: 1541
EPISODE_REWARD: -677.8519616203964
EPS: 1.1920928955078125e-07
EPSILON: 0.001
GAMMA: 0.99
LEARNING_RATE: 0.0002
MAX_DONE: 100
MAX_REWARD: -400
MAX_STEP: 1000
SEED: 3
START_TIME: 0603_17-35-24
