ALPHA: 0.05
EPS: 1.1920928955078125e-07
GAMMA: 0.9
MAX_DONE: 100
MAX_REWARD: -500
MAX_STEP: 1000
SEED: 3
end_time: 05-30_23h-53m-48s
episode: 2463
episode_reward: -747.6580146439285
running_reward: -735.5698194797019
start_time: 05-30_18h-49m-58s
