ALPHA: 0.05
EPS: 1.1920928955078125e-07
GAMMA: 0.99
MAX_DONE: 100
MAX_REWARD: -50
MAX_STEP: 1000
SEED: 3
end_time: 05-28_19h-12m-20s
episode: 2974
episode_reward: -998.8383391572064
running_reward: -979.8458838573781
start_time: 05-28_13h-56m-33s
