ALPHA: 0.05
ELAPSED_TIME: '3:41:55.263008'
EMA_REWARD: -497.2131194133654
END_TIME: 06-07_16h-17m-15s
EPISODE: 3263
EPISODE_REWARD: -506.22517051886246
EPS: 1.1920928955078125e-07
EPSILON: 0.001
GAMMA: 0.99
LEARNING_RATE: 0.0003
MAX_DONE: 100
MAX_REWARD: -400
MAX_STEP: 1000
SEED: 3
START_TIME: 0607_12-35-20
