ALPHA: 0.05
ELAPSED_TIME: '1:58:38.021929'
EMA_REWARD: -650.0900252473109
END_TIME: 06-22_17h-41m-33s
EPISODE: 1694
EPISODE_REWARD: -661.8178843051279
EPS: 1.1920928955078125e-07
EPSILON: 0.001
GAMMA: 0.99
LEARNING_RATE: 0.001
MAX_REWARD: -400
MAX_STEP: 1000
SEED: 3
START_TIME: 0622_15-42-55
