ALPHA: 0.05
EPS: 1.1920928955078125e-07
GAMMA: 0.99
MAX_DONE: 100
MAX_REWARD: 500
MAX_STEP: 1000
SEED: 3
end_time: 05-19_12h-53m-40s
episode: 9838
episode_reward: -71.27004080208435
running_reward: -59.72878870220727
start_time: 05-19_10h-57m-24s
