ALPHA: 0.05
EPS: 1.1920928955078125e-07
GAMMA: 0.99
MAX_DONE: 100
MAX_REWARD: -50
MAX_STEP: 1000
SEED: 3
end_time: 05-21_15h-18m-04s
episode: 315
episode_reward: -666.9181470112179
running_reward: -654.2728450947886
start_time: 05-21_14h-56m-32s
