ALPHA: 0.05
EPS: 1.1920928955078125e-07
GAMMA: 0.99
MAX_DONE: 100
MAX_REWARD: 5000
MAX_STEP: 1000
SEED: 3
end_time: 05-18_18h-55m-20s
episode: 18
episode_reward: 861.5092094293108
running_reward: 845.5035019856356
start_time: 05-18_18h-52m-46s
