ALPHA: 0.05
ELAPSED_TIME: '0:10:59.244921'
EMA_REWARD: -773.0463538068753
END_TIME: 06-22_14h-58m-10s
EPISODE: 210
EPISODE_REWARD: -783.4110302128994
EPS: 1.1920928955078125e-07
EPSILON: 0.001
GAMMA: 0.99
LEARNING_RATE: 0.001
MAX_DONE: 100
MAX_REWARD: -400
MAX_STEP: 1000
SEED: 3
START_TIME: 0622_14-47-11
