ALPHA: 0.05
EPS: 1.1920928955078125e-07
GAMMA: 0.99
MAX_DONE: 100
MAX_REWARD: 5000
MAX_STEP: 1000
SEED: 3
end_time: 05-18_18h-56m-04s
episode: 3
episode_reward: 753.5921868911084
running_reward: 747.1886450942357
start_time: 05-18_18h-55m-42s
