ALPHA: 0.05
ELAPSED_TIME: '5:03:12.889842'
EMA_REWARD: -640.340826285944
END_TIME: 05-31_21h-37m-48s
EPISODE: 4207
EPISODE_REWARD: -651.8346033953529
EPS: 1.1920928955078125e-07
EPSILON: 0.001
GAMMA: 0.99
LEARNING_RATE: 0.0001
MAX_DONE: 100
MAX_REWARD: -500
MAX_STEP: 1000
SEED: 3
START_TIME: 05-31_16h-34m-35s
