ALPHA: 0.05
ELAPSED_TIME: '8:13:05.694000'
EMA_REWARD: -642.7169482459223
END_TIME: 06-04_21h-58m-20s
EPISODE: 7324
EPISODE_REWARD: -654.8478345208313
EPS: 1.1920928955078125e-07
EPSILON: 0.001
GAMMA: 0.99
LEARNING_RATE: 0.0001
MAX_DONE: 100
MAX_REWARD: -400
MAX_STEP: 1000
SEED: 3
START_TIME: 0604_13-45-15
