ALPHA: 0.05
EPS: 1.1920928955078125e-07
GAMMA: 0.99
MAX_DONE: 100
MAX_REWARD: -50
MAX_STEP: 1000
SEED: 3
end_time: 05-21_01h-31m-20s
episode: 7331
episode_reward: -629.2032598222194
running_reward: -617.9075097047237
start_time: 05-20_16h-46m-51s
