ALPHA: 0.05
EPS: 1.1920928955078125e-07
GAMMA: 0.99
MAX_DONE: 100
MAX_REWARD: -50
MAX_STEP: 1000
SEED: 3
end_time: 05-20_20h-18m-35s
episode: 3020
episode_reward: -631.6256165652201
running_reward: -620.3229384007265
start_time: 05-20_16h-46m-51s
