ALPHA: 0.05
EPS: 1.1920928955078125e-07
GAMMA: 0.99
MAX_DONE: 100
MAX_REWARD: -50
MAX_STEP: 1000
SEED: 3
end_time: 05-30_13h-45m-13s
episode: 1800
episode_reward: -513.7678405030999
running_reward: -505.57257845713275
start_time: 05-30_10h-03m-02s
