ALPHA: 0.05
EPS: 1.1920928955078125e-07
GAMMA: 0.99
MAX_DONE: 100
MAX_REWARD: -50
MAX_STEP: 1000
SEED: 3
end_time: 05-29_15h-14m-39s
episode: 640
episode_reward: -944.0464785797507
running_reward: -926.3164712262349
start_time: 05-29_13h-39m-36s
